75
191295 354250 607490 781235 893100 957060 984685 984880 964990 949390 909675 862030 836160 782015 726310 698425 643110 616005 563355 537940 489125 465855 421525 400595 361075 342485 324675 307580 275665 260845 246610 233090 220285 196365 185315 174850 164905 155415 146510 137995 130000 122395 122395 115245 108420 102050 95940 95940 90220 84825 79755 79755 74945 74945 70395 70395 66105 66105 62140 62140 58305 58305 58305 54730 54730 54730 51350 51350 51350 51350 51350 51350 51350 51350 48230
2 4 8 5 6 5 1 7 5 3 8 0 5 0 6 0 0 7 3 4 7 8 6 8 8 0 3 8 3 4 6 5 0 8 0 1 4 3 8 7 6 1 0 4 3 1 3 1 8 6 1 8 7 0 7 1 8 7 2 2 1 6 1 4 5 5 6 5 3 5 4 5 3 4 5
74 52
32 46
73 24
75 58
71 34
9 48
11 43
1 34
14 7
39 49
13 9
10 41
21 35
18 50
17 6
21 67
55 53
68 12
39 30
16 27
60 8
69 61
26 29
64 1
42 32
53 72
16 59
4 62
23 28
33 74
19 24
38 6
15 56
67 14
51 69
8 2
58 63
43 49
35 38
45 22
33 70
68 63
42 60
26 59
4 22
41 28
31 36
72 75
27 25
18 3
31 3
61 25
2 20
29 13
57 55
65 40
7 40
56 62
51 54
44 54
17 10
65 66
45 20
37 64
48 12
50 66
46 52
44 37
71 5
36 73
23 11
47 70
57 30
19 47