45780
114144495
277337594
156286614
0
248376
35985609
19557
0
81
22261559
885917
12042
24805
648
137
60916067
449867
64332077
0
0
35553
8919264
0
29928
120793
19365197
0
423207
180
3089351
1013475
13747417
365601
4
453920
127938781
0
0
0
0
41263
0
13948
744954843
6
0
233961
40846256
236023
2584204
147243
6667
247
3151101
7662947
106908991
53070773
3001473
19232
20281725
60
78230146
0
283188351
5
37207
10227
994096
1466762
1249
0
22042391
76202
108343374
112697
2664962
7912631
6
485617
8435901
52
0
51419
20281725
112710706
738619757
4752334
3073602
858
83200188
0
0
156
26012442
650957
216695
1524850
4342852
1367959
25992
3530
0
3261672
648
398
54060
132340
12697061
152004
0
22431905
25880929
415953
88
118833104
177739
482910
0
1050
15795
0
1476
0
864425711
128542900
0
16029160
7121424
0
2563788
65001
0
0
8
10808320
28677716
20
65560
388456141
289753084
624629755
125347006
170
313
53359953
2872
185055
188904556
164671
2676783
77950
362611
20587
20041183
10948632
579254
858
7725238
1391
430311
1053526
14150
2793146
198706
18091032
128
23312
2453
2555924
22064359
65385052
0
19529160
26469005
330486
144452223
86360526
55287652
28658947
23496814
89267
4384
0
1515272
855146
5623
0
11395412
348906
66505
10937370
4402
545271020
8721362
2085616
118145
2079
363
618012666
11986
30992006
51437
460241
0
22748
35932008
4173470
0
0
37906366
0
1961532
102
31840
62627729
6516328
210883
2907299
89783367
71748
1253901
83288
160
39417928
152004
0
19647316
397641
181144132
56
3957936
918120
1762250
261792
996808612
20
0
98987094
88466
27224
14312203
2966712
2800279
1154038
526434
0
0
2927046
697888
0
3586538
75440582
12967
2925656
84350085
19295601
2259467
0
0
68368118
2496
783842
35213
27839079
60926
22633267
2558873
4262035
14262139
0
14580
2717645
0
274373
7641958
18040109
3273
5187
42468
1494612
37042109
93490574
3392
10036354
350
7863487
23261185
14371257
292
5204
0
40889641
3324264
17739
1973794
27752529
668
226313
31475830
7138991
487033
5575
0
42266417
313962
4077994
129899
0
6
120
264869457
61437
268508982
0
687932
63106
504
699902
2364
590
188
3800082
590
1003815
90212431
0
17682551
16385179
261959921
41932734
25038
2316
130212473
42
16
108638
53744714
2059479
2119035
0
353469
22
0
50309229
3149625
0
36247132
395609
6601
41789953
88472
250
20
1244682
137825
1299
1283
2424018
0
614
58592
31588
38082
744881
24
1193864
474012
81962169
661611
687
948068331
10053662
5187
60457481
1340
63083540
4724
544223
0
5097438
2
3473254
798002
44836
238113128
0
246269
10790346
60916067
10534638
5686126
133335
2996
35213
48660
227416
1913
15137
60264449
71572343
0
35
642563093
24805
24268837
0
14982724
8
23078
92976
46722
94518
220993538
98987094
32116
456
578
6732
27
3845262
904674232
4550
29451351
70496
187
4671008
325872302
572910
0
959591546
18
0
77676221
0
3070270
18546369
25688
20783
863590
0
0
28863
40047
2526
61157903
63
7352441
1148
504
24954489
30
2915442
5317410
31266
12091
13929480
2793146
1031273
1109
11007089
90583388
11051853
0
3
2752
1388
457134
8
9839868
23078
452
0
130691
217688
14348884
144618
0
1283
16619136
2010
3712904
185
327528
16
545
0
4544298
0
0
140228
175942507
0
15108361
0
3273
28270291
32327
16604
569963
225132124
100148
64
87863
56
30005
3
7496432
8410835
96562831
361
759524143
297593
5390030
0
0
1844
338747
0
337467
543
0
265120
6816488
23426
3586538
2726
1699469
2435
38131696
198706
29719145
15599735
18424789
5477157
1422
149840665
1882454
541507
487
0
3
614
594
40741022
12
79467
9215020
57520717
11652
1402558
698
2945
141
352642
0
2476364
2225502
1025
15
3456655
111765338
0
416969421
0
25349346
37049019
216402
528829
498
2067028
2524
338747
89267
75662
10277651
52174879
38494115
12317049
5804284
749888
4367
481728
84
118360
669
1111731
83350040
14090343
911252
20441392
5671384
22633267
648
572
108225
1373315
19564
94160
0
23168705
7013
93516
16378990
35819918
123913
8870
0
5007982
6516328
122
126362
0
248698073
8
33555819
0
10087319
687932
20
2606533
1397116
9602141
0
342473
401583
280599913
6
26675591
3292561
868
1677233
844487
20783
18918136
121077
60754975
10
3315
121466
17133188
4178
99
103413
141
6016226
93110689
1264265
20384
48777121
1457681
840
0
339495
0
127437473
24
585022
64
847370
65
801530643
89321
25081721
11860910
6456826
25
0
150782521
0
14982724
198095
80220374
1474187
22121333
42317
17778
1974476
72000
0
80894
21392171
1394202
10
467355635
4646410
365307
0
13334
477632796
0
62232643
8478822
98306
104216262
2478707
18986414
377935
335499
840
368
1730503
151193
619854
1604522
48553581
10711513
245963508
3777882
0
715395727
326096
221053
234047
84
1175341
75673
173194
304
2851471
27429
772632
1148
600
164373670
7097
0
191720
44281185
1146030
1888234
19551407
0
18347691
0
1972521
855634871
11210335
9767794
667300283
50134575
878635
5228441
123194
37852
0
993
152004
237106511
1591860
0
643533999
2012558
27647
23261185
35941
24339565
1074165
4109901
0
21202276
53508
163571285
139024724
8230
129899
1974476
0
0
839530
2790
0
0
510
26375417
86
47405992
2141
0
192
1460675
25427907
30
250
1464
125961668
826918
86196228
134707
97081748
2139846
72974917
5929094
188420403
0
25272202
207
2996
44709469
756805
230026
57132005
39014191
10837277
6170642
1114
777
222399
1604340
5204
236023
2996
162
0
561842
66
8175
57366
14441
164451199
1150105
6717825
23496814
315
526434
58568250
2753
31885257
0
3871
999240
37035550
922
1995250
3672685
601324
234607686
30258020
1262
2141
17027533
7337080
33638082
174168
10
1256
20508
1262
5045
10095
0
96
6546516
0
28772545
10
1177932
207160468
23047844
484380
426940
3913
858
17778
7447248
337221
681069252
20353192
176
15263815
21086335
6919298
7163
4173470
1399
2793146
43839256
7291
48915
172679245
0
62958327
85192
2607
33173255
1435255
706102758
1904
2541833
200701
2058142
422242861
0
212671755
12157330
4080
85
69561
0
80894
9570
75632
374907
363
34534449
9571382
0
24268837
16812
92438
33338128
44714468
207369
69936205
760952472
7798
151193
4577479
141746
0
256639361
312248603
15937
108
1565524
15498417
10
450162104
4881386
0
1126694
481728
354948143
17377
2304473
55454705
10087319
5197803
364807
26667406
929
130517
6346426
4224445
4538
340
2916433
36093360
104130
3117
963634612
335499
62
3689047
110382
12233
1793202
23517599
402521102
56911438
486544016
10835173
26802
0
104131226
19812170
0
0
233496326
34347992
2440969
693990229
10326180
